1746995792778 0.23461823165416718 0
1746995792805 0.1875 1
1746995792827 0.49481096863746643 2
1746995792849 0.5 3
1746995792865 0.6690140962600708 4
1746995792877 0.6875 5
1746995792898 0.7746478915214539 6
1746995792916 0.9375 7
1746995792938 0.840993344783783 8
1746995792954 0.96875 9
1746995792974 0.8939955234527588 10
1746995792996 0.78125 11
1746995793018 0.929948091506958 12
1746995793040 0.96875 13
1746995793061 0.9425500631332397 14
1746995793082 0.9375 15
1746995793101 0.9536693692207336 16
1746995793122 0.96875 17
1746995793155 0.968124508857727 18
1746995793176 0.96875 19
1746995793195 0.9684951901435852 20
1746995793212 1.0 21
1746995793228 0.9781319499015808 22
1746995793243 0.96875 23
1746995793264 0.9807264804840088 24
1746995793279 1.0 25
1746995793296 0.9862861633300781 26
1746995793299 0.96875 27
1746995793324 0.9870274066925049 28
1746995793339 0.96875 29
