1746995792764 3.1989643573760986 0
1746995792792 2.8311662673950195 1
1746995792817 2.0505995750427246 2
1746995792838 1.6591249704360962 3
1746995792857 1.4869319200515747 4
1746995792870 1.458846092224121 5
1746995792886 1.1358946561813354 6
1746995792909 0.7015308737754822 7
1746995792924 0.92229163646698 8
1746995792947 0.6022980213165283 9
1746995792966 0.787105917930603 10
1746995792985 0.8774831295013428 11
1746995793006 0.6758637428283691 12
1746995793028 0.5401291847229004 13
1746995793050 0.6335474848747253 14
1746995793072 0.5399090051651001 15
1746995793092 0.5920003652572632 16
1746995793113 0.4889299273490906 17
1746995793144 0.5631348490715027 18
1746995793167 0.5582275390625 19
1746995793185 0.5313253998756409 20
1746995793205 0.47461286187171936 21
1746995793220 0.4980219304561615 22
1746995793235 0.6873162388801575 23
1746995793255 0.4869191646575928 24
1746995793272 0.4597413241863251 25
1746995793289 0.47235891222953796 26
1746995793299 0.5174736976623535 27
1746995793317 0.4632222354412079 28
1746995793330 0.49859005212783813 29
